SCA Tool: Trivy
Run ID: 20190937739
Timestamp: 2025-12-13T10:45:52Z
Version: 0.68.1
Vulnerability DB:
  Version: 2
  UpdatedAt: 2025-12-13 06:29:15.966972999 +0000 UTC
  NextUpdate: 2025-12-14 06:29:15.966972739 +0000 UTC
  DownloadedAt: 2025-12-13 10:45:51.842709228 +0000 UTC
