SCA Tool: Trivy
Run ID: 21223478278
Timestamp: 2026-01-21T19:50:01Z
Version: 0.68.2
Vulnerability DB:
  Version: 2
  UpdatedAt: 2026-01-21 18:36:54.903711506 +0000 UTC
  NextUpdate: 2026-01-22 18:36:54.903711345 +0000 UTC
  DownloadedAt: 2026-01-21 19:50:01.12612603 +0000 UTC
