SCA Tool: Trivy
Run ID: 20190821809
Timestamp: 2025-12-13T10:35:01Z
Version: 0.68.1
Vulnerability DB:
  Version: 2
  UpdatedAt: 2025-12-13 06:29:15.966972999 +0000 UTC
  NextUpdate: 2025-12-14 06:29:15.966972739 +0000 UTC
  DownloadedAt: 2025-12-13 10:35:01.312895628 +0000 UTC
