SCA Tool: Trivy
Run ID: 20206046106
Timestamp: 2025-12-14T09:39:56Z
Version: 0.68.1
Vulnerability DB:
  Version: 2
  UpdatedAt: 2025-12-14 06:32:30.570306791 +0000 UTC
  NextUpdate: 2025-12-15 06:32:30.570306561 +0000 UTC
  DownloadedAt: 2025-12-14 09:39:56.100533015 +0000 UTC
