SCA Tool: Trivy
Run ID: 21222727961
Timestamp: 2026-01-21T19:24:03Z
Version: 0.68.2
Vulnerability DB:
  Version: 2
  UpdatedAt: 2026-01-21 18:36:54.903711506 +0000 UTC
  NextUpdate: 2026-01-22 18:36:54.903711345 +0000 UTC
  DownloadedAt: 2026-01-21 19:24:03.461303185 +0000 UTC
